10 0 5 
98
41
10 15 5 
96
9
10 30 5 
76
9
10 45 5 
54
6
10 60 5 
61
6
10 75 5 
57
6
10 90 5 
51
4
10 105 5 
44
5
10 120 5 
46
4
10 135 5 
48
4
10 150 5 
40
3
10 165 5 
34
5
10 180 5 
33
3
10 195 5 
32
4
10 210 5 
37
4
10 225 5 
36
4
10 240 5 
33
3
10 255 5 
34
4
10 270 5 
38
5
10 285 5 
42
5
10 300 5 
42
5
10 315 5 
43
5
10 330 5 
46
4
10 345 5 
44
5
10 360 5 
42
4
20 0 5 
39
5
20 15 5 
41
7
20 30 5 
41
6
20 45 5 
37
5
20 60 5 
39
5
20 75 5 
33
4
20 90 5 
32
4
20 105 5 
31
5
20 120 5 
37
4
20 135 5 
33
5
20 150 5 
36
6
20 165 5 
35
4
20 180 5 
33
5
20 195 5 
36
6
20 210 5 
38
5
20 225 5 
35
5
20 240 5 
32
6
20 255 5 
37
4
20 270 5 
34
5
20 285 5 
37
7
20 300 5 
39
5
20 315 5 
40
5
20 330 5 
39
6
20 345 5 
37
5
20 360 5 
35
5
30 0 5 
35
6
30 15 5 
36
7
30 30 5 
31
6
30 45 5 
32
6
30 60 5 
35
6
30 75 5 
30
5
30 90 5 
33
6
30 105 5 
36
8
30 120 5 
40
7
30 135 5 
34
7
30 150 5 
36
6
30 165 5 
36
6
30 180 5 
37
5
30 195 5 
32
5
30 210 5 
35
6
30 225 5 
35
6
30 240 5 
37
7
30 255 5 
35
6
30 270 5 
33
6
30 285 5 
33
6
30 300 5 
36
7
30 315 5 
34
6
30 330 5 
36
7
30 345 5 
36
6
30 360 5 
31
6
40 0 5 
33
6
40 15 5 
33
6
40 30 5 
58
8
40 45 5 
32
6
40 60 5 
31
7
40 75 5 
30
5
40 90 5 
39
8
40 105 5 
34
6
40 120 5 
33
6
40 135 5 
29
7
40 150 5 
34
9
40 165 5 
32
8
40 180 5 
34
7
40 195 5 
33
7
40 210 5 
37
6
40 225 5 
33
7
40 240 5 
34
6
40 255 5 
34
7
40 270 5 
36
7
40 285 5 
33
8
40 300 5 
35
8
40 315 5 
36
7
40 330 5 
35
8
40 345 5 
32
7
40 360 5 
35
7
50 0 5 
32
10
50 15 5 
33
9
50 30 5 
38
9
50 45 5 
37
9
50 60 5 
34
9
50 75 5 
30
7
50 90 5 
29
7
50 105 5 
34
10
50 120 5 
36
8
50 135 5 
33
8
50 150 5 
34
10
50 165 5 
34
9
50 180 5 
39
8
50 195 5 
36
9
50 210 5 
35
8
50 225 5 
34
9
50 240 5 
34
11
50 255 5 
36
8
50 270 5 
33
8
50 285 5 
37
9
50 300 5 
31
9
50 315 5 
35
8
50 330 5 
35
10
50 345 5 
33
8
50 360 5 
33
9
60 0 5 
36
9
60 15 5 
36
11
60 30 5 
36
13
60 45 5 
41
12
60 60 5 
39
9
60 75 5 
36
12
60 90 5 
38
9
60 105 5 
32
9
60 120 5 
35
10
60 135 5 
33
12
60 150 5 
33
10
60 165 5 
33
11
60 180 5 
33
9
60 195 5 
36
9
60 210 5 
34
11
60 225 5 
35
11
60 240 5 
34
9
60 255 5 
35
11
60 270 5 
34
10
60 285 5 
34
9
60 300 5 
35
10
60 315 5 
35
10
60 330 5 
34
9
60 345 5 
32
10
60 360 5 
36
9
70 0 5 
30
12
70 15 5 
33
11
70 30 5 
33
11
70 45 5 
32
11
70 60 5 
33
12
70 75 5 
35
11
70 90 5 
37
15
70 105 5 
37
13
70 120 5 
35
11
70 135 5 
33
11
70 150 5 
36
10
70 165 5 
36
12
70 180 5 
34
14
70 195 5 
33
13
70 210 5 
37
11
70 225 5 
33
11
70 240 5 
36
11
70 255 5 
32
12
70 270 5 
36
12
70 285 5 
33
11
70 300 5 
34
12
70 315 5 
38
12
70 330 5 
39
12
70 345 5 
30
16
70 360 5 
34
12
80 0 5 
33
13
80 15 5 
31
12
80 30 5 
35
13
80 45 5 
33
14
80 60 5 
34
14
80 75 5 
33
12
80 90 5 
33
12
80 105 5 
33
15
80 120 5 
35
12
80 135 5 
35
12
80 150 5 
37
12
80 165 5 
37
13
80 180 5 
33
11
80 195 5 
32
13
80 210 5 
32
13
80 225 5 
34
12
80 240 5 
36
13
80 255 5 
34
13
80 270 5 
38
12
80 285 5 
34
12
80 300 5 
33
13
80 315 5 
34
12
80 330 5 
34
13
80 345 5 
36
12
80 360 5 
36
12
90 0 5 
36
14
90 15 5 
31
14
90 30 5 
34
13
90 45 5 
34
14
90 60 5 
35
15
90 75 5 
36
13
90 90 5 
34
14
90 105 5 
32
15
90 120 5 
33
14
90 135 5 
35
16
90 150 5 
35
13
90 165 5 
33
15
90 180 5 
34
13
90 195 5 
34
15
90 210 5 
36
14
90 225 5 
34
15
90 240 5 
34
17
90 255 5 
38
14
90 270 5 
31
15
90 285 5 
37
14
90 300 5 
34
14
90 315 5 
35
13
90 330 5 
34
13
90 345 5 
35
13
90 360 5 
34
13
100 0 5 
35
14
100 15 5 
33
14
100 30 5 
36
15
100 45 5 
34
15
100 60 5 
38
17
100 75 5 
35
15
100 90 5 
34
15
100 105 5 
32
14
100 120 5 
33
15
100 135 5 
35
15
100 150 5 
35
15
100 165 5 
36
15
100 180 5 
33
15
100 195 5 
34
16
100 210 5 
34
15
100 225 5 
34
14
100 240 5 
39
16
100 255 5 
33
14
100 270 5 
34
15
100 285 5 
33
17
100 300 5 
33
15
100 315 5 
35
17
100 330 5 
35
16
100 345 5 
39
14
100 360 5 
43
15
110 0 5 
40
18
110 15 5 
58
18
110 30 5 
37
20
110 45 5 
35
14
110 60 5 
35
18
110 75 5 
35
19
110 90 5 
34
16
110 105 5 
35
16
110 120 5 
34
18
110 135 5 
37
19
110 150 5 
35
15
110 165 5 
38
15
110 180 5 
34
14
110 195 5 
49
17
110 210 5 
36
14
110 225 5 
31
15
110 240 5 
36
15
110 255 5 
34
16
110 270 5 
31
16
110 285 5 
34
16
110 300 5 
35
17
110 315 5 
35
17
110 330 5 
33
15
110 345 5 
34
15
110 360 5 
32
17
120 0 5 
32
16
120 15 5 
30
17
120 30 5 
36
17
120 45 5 
32
20
120 60 5 
38
16
120 75 5 
33
19
120 90 5 
31
17
120 105 5 
34
17
120 120 5 
31
18
120 135 5 
32
17
120 150 5 
36
18
120 165 5 
33
19
120 180 5 
33
18
120 195 5 
35
17
120 210 5 
34
17
120 225 5 
34
20
120 240 5 
35
19
120 255 5 
37
17
120 270 5 
35
17
120 285 5 
34
18
120 300 5 
32
16
120 315 5 
37
18
120 330 5 
30
20
120 345 5 
34
20
120 360 5 
32
17
