100 0 3 
33
16
100 15 3 
34
16
100 30 3 
27
15
100 45 3 
29
15
100 60 3 
30
13
100 75 3 
25
14
100 90 3 
23
13
100 105 3 
23
13
100 120 3 
22
13
100 135 3 
24
11
100 150 3 
22
12
100 165 3 
21
13
100 180 3 
24
13
100 195 3 
24
15
100 210 3 
23
15
100 225 3 
21
13
100 240 3 
24
13
100 255 3 
25
13
100 270 3 
21
12
100 285 3 
22
15
100 300 3 
28
13
100 315 3 
24
13
100 330 3 
22
13
100 345 3 
24
13
100 360 3 
22
16
100 0 4 
30
15
100 15 4 
31
16
100 30 4 
34
15
100 45 4 
120
16
100 60 4 
32
17
100 75 4 
35
15
100 90 4 
32
14
100 105 4 
34
16
100 120 4 
33
16
100 135 4 
34
16
100 150 4 
34
16
100 165 4 
36
17
100 180 4 
33
15
100 195 4 
38
17
100 210 4 
32
17
100 225 4 
36
18
100 240 4 
34
18
100 255 4 
34
17
100 270 4 
34
16
100 285 4 
33
17
100 300 4 
30
13
100 315 4 
30
13
100 330 4 
28
15
100 345 4 
32
14
100 360 4 
29
13
100 0 5 
36
16
100 15 5 
42
16
100 30 5 
38
17
100 45 5 
37
17
100 60 5 
37
15
100 75 5 
38
16
100 90 5 
38
17
100 105 5 
36
16
100 120 5 
36
16
100 135 5 
37
17
100 150 5 
38
16
100 165 5 
38
18
100 180 5 
40
16
100 195 5 
38
19
100 210 5 
39
18
100 225 5 
37
15
100 240 5 
38
16
100 255 5 
38
16
100 270 5 
39
16
100 285 5 
36
19
100 300 5 
40
18
100 315 5 
39
18
100 330 5 
38
17
100 345 5 
38
17
100 360 5 
37
16
100 0 6 
45
17
100 15 6 
47
17
100 30 6 
44
19
100 45 6 
43
18
100 60 6 
46
18
100 75 6 
42
19
100 90 6 
46
18
100 105 6 
44
17
100 120 6 
48
19
100 135 6 
49
21
100 150 6 
52
18
100 165 6 
48
19
100 180 6 
45
16
100 195 6 
42
20
100 210 6 
50
20
100 225 6 
48
16
100 240 6 
46
18
100 255 6 
46
18
100 270 6 
47
19
100 285 6 
50
19
100 300 6 
42
16
100 315 6 
44
18
100 330 6 
46
19
100 345 6 
43
18
100 360 6 
46
21
100 0 7 
50
21
100 15 7 
50
19
100 30 7 
51
20
100 45 7 
48
20
100 60 7 
50
19
100 75 7 
50
19
100 90 7 
52
19
100 105 7 
51
19
100 120 7 
49
20
100 135 7 
51
20
100 150 7 
54
19
100 165 7 
52
20
100 180 7 
51
18
100 195 7 
50
20
100 210 7 
51
20
100 225 7 
57
18
100 240 7 
54
21
100 255 7 
48
21
100 270 7 
50
21
100 285 7 
50
20
100 300 7 
55
21
100 315 7 
50
20
100 330 7 
50
18
100 345 7 
52
18
100 360 7 
51
19
100 0 8 
58
19
100 15 8 
58
20
100 30 8 
54
19
100 45 8 
58
19
100 60 8 
62
18
100 75 8 
58
20
100 90 8 
57
21
100 105 8 
57
20
100 120 8 
57
22
100 135 8 
60
18
100 150 8 
59
20
100 165 8 
61
17
100 180 8 
60
20
100 195 8 
60
19
100 210 8 
59
20
100 225 8 
57
21
100 240 8 
59
19
100 255 8 
61
18
100 270 8 
57
21
100 285 8 
60
20
100 300 8 
59
20
100 315 8 
60
20
100 330 8 
60
18
100 345 8 
58
20
100 360 8 
60
21
100 0 9 
67
20
100 15 9 
66
20
100 30 9 
66
20
100 45 9 
69
20
100 60 9 
65
23
100 75 9 
67
21
100 90 9 
65
21
100 105 9 
65
22
100 120 9 
64
19
100 135 9 
67
20
100 150 9 
66
21
100 165 9 
65
21
100 180 9 
64
22
100 195 9 
66
18
100 210 9 
66
24
100 225 9 
71
21
100 240 9 
65
20
100 255 9 
64
19
100 270 9 
64
20
100 285 9 
65
20
100 300 9 
64
21
100 315 9 
64
20
100 330 9 
67
24
100 345 9 
76
20
100 360 9 
65
22
100 0 10 
77
22
100 15 10 
76
20
100 30 10 
73
22
100 45 10 
73
21
100 60 10 
71
22
100 75 10 
73
20
100 90 10 
72
22
100 105 10 
73
22
100 120 10 
80
21
100 135 10 
74
21
100 150 10 
71
20
100 165 10 
73
23
100 180 10 
81
21
100 195 10 
74
22
100 210 10 
72
19
100 225 10 
78
19
100 240 10 
75
20
100 255 10 
74
21
100 270 10 
74
22
100 285 10 
74
24
100 300 10 
77
23
100 315 10 
73
20
100 330 10 
71
21
100 345 10 
73
21
100 360 10 
73
24
100 0 11 
84
21
100 15 11 
82
20
100 30 11 
79
23
100 45 11 
82
21
100 60 11 
78
22
100 75 11 
79
22
100 90 11 
79
23
100 105 11 
87
20
100 120 11 
81
21
100 135 11 
83
22
100 150 11 
82
22
100 165 11 
81
22
100 180 11 
82
22
100 195 11 
80
22
100 210 11 
82
23
100 225 11 
82
21
100 240 11 
79
22
100 255 11 
79
23
100 270 11 
82
22
100 285 11 
80
22
100 300 11 
83
24
100 315 11 
88
25
100 330 11 
83
24
100 345 11 
87
21
100 360 11 
85
21
100 0 12 
92
25
100 15 12 
99
23
100 30 12 
87
21
100 45 12 
88
22
100 60 12 
87
22
100 75 12 
89
23
100 90 12 
86
23
100 105 12 
88
23
100 120 12 
89
22
100 135 12 
88
21
100 150 12 
86
22
100 165 12 
89
23
100 180 12 
86
21
100 195 12 
87
22
100 210 12 
87
22
100 225 12 
87
25
100 240 12 
90
23
100 255 12 
92
21
100 270 12 
84
20
100 285 12 
92
22
100 300 12 
86
21
100 315 12 
87
23
100 330 12 
87
24
100 345 12 
87
23
100 360 12 
86
22
100 0 13 
94
23
100 15 13 
96
22
100 30 13 
94
22
100 45 13 
97
24
100 60 13 
97
22
100 75 13 
93
22
100 90 13 
94
21
100 105 13 
97
25
100 120 13 
96
22
100 135 13 
94
22
100 150 13 
94
22
100 165 13 
103
21
100 180 13 
93
22
100 195 13 
93
23
100 210 13 
92
23
100 225 13 
94
22
100 240 13 
95
25
100 255 13 
94
23
100 270 13 
94
22
100 285 13 
96
22
100 300 13 
94
23
100 315 13 
98
21
100 330 13 
92
23
100 345 13 
93
22
100 360 13 
95
23
100 0 14 
98
21
100 15 14 
99
24
100 30 14 
105
27
100 45 14 
134
19
100 60 14 
93
24
100 75 14 
101
22
100 90 14 
101
22
100 105 14 
105
24
100 120 14 
102
23
100 135 14 
101
23
100 150 14 
99
22
100 165 14 
102
23
100 180 14 
101
23
100 195 14 
99
24
100 210 14 
116
22
100 225 14 
113
22
100 240 14 
117
23
100 255 14 
114
24
100 270 14 
117
26
100 285 14 
114
23
100 300 14 
112
23
100 315 14 
114
22
100 330 14 
110
23
100 345 14 
114
25
100 360 14 
116
22
100 0 15 
120
24
100 15 15 
123
22
100 30 15 
121
24
100 45 15 
122
23
100 60 15 
120
24
100 75 15 
124
24
100 90 15 
121
23
100 105 15 
105
24
100 120 15 
112
24
100 135 15 
106
25
100 150 15 
107
22
100 165 15 
105
24
100 180 15 
109
25
100 195 15 
108
21
100 210 15 
107
22
100 225 15 
108
23
100 240 15 
107
25
100 255 15 
107
24
100 270 15 
109
23
100 285 15 
106
24
100 300 15 
107
25
100 315 15 
111
24
100 330 15 
107
25
100 345 15 
112
23
100 360 15 
110
24
