10 90 3 
98
11
10 90 4 
85
12
10 90 5 
101
15
10 90 6 
104
13
10 90 7 
128
13
10 90 8 
120
14
10 90 9 
128
10
10 90 10 
128
11
10 90 11 
123
18
10 90 12 
197
15
10 90 13 
126
12
10 90 14 
122
11
10 90 15 
149
11
20 90 3 
26
5
20 90 4 
43
6
20 90 5 
59
6
20 90 6 
58
7
20 90 7 
61
8
20 90 8 
67
10
20 90 9 
82
8
20 90 10 
83
9
20 90 11 
87
11
20 90 12 
94
9
20 90 13 
99
8
20 90 14 
111
8
20 90 15 
118
14
30 90 3 
33
8
30 90 4 
44
8
30 90 5 
53
15
30 90 6 
55
9
30 90 7 
58
9
30 90 8 
62
10
30 90 9 
69
9
30 90 10 
74
11
30 90 11 
89
9
30 90 12 
84
11
30 90 13 
94
10
30 90 14 
98
11
30 90 15 
110
13
40 90 3 
24
7
40 90 4 
32
6
40 90 5 
37
8
40 90 6 
49
8
40 90 7 
50
9
40 90 8 
57
11
40 90 9 
71
11
40 90 10 
79
12
40 90 11 
82
11
40 90 12 
89
11
40 90 13 
95
16
40 90 14 
110
13
40 90 15 
108
12
50 90 3 
23
8
50 90 4 
31
9
50 90 5 
46
11
50 90 6 
46
12
50 90 7 
54
9
50 90 8 
61
13
50 90 9 
67
11
50 90 10 
71
12
50 90 11 
87
13
50 90 12 
88
14
50 90 13 
94
15
50 90 14 
104
12
50 90 15 
106
17
60 90 3 
22
10
60 90 4 
36
9
60 90 5 
37
13
60 90 6 
47
12
60 90 7 
51
14
60 90 8 
65
11
60 90 9 
63
13
60 90 10 
76
12
60 90 11 
80
15
60 90 12 
86
14
60 90 13 
98
16
60 90 14 
118
21
60 90 15 
123
16
70 90 3 
26
9
70 90 4 
28
10
70 90 5 
39
12
70 90 6 
46
13
70 90 7 
49
15
70 90 8 
55
12
70 90 9 
71
17
70 90 10 
71
14
70 90 11 
79
17
70 90 12 
91
21
70 90 13 
97
21
70 90 14 
104
18
70 90 15 
116
15
80 90 3 
24
11
80 90 4 
33
13
80 90 5 
44
14
80 90 6 
60
14
80 90 7 
54
15
80 90 8 
67
16
80 90 9 
67
14
80 90 10 
78
18
80 90 11 
83
21
80 90 12 
93
18
80 90 13 
93
17
80 90 14 
110
22
80 90 15 
112
20
90 90 3 
26
13
90 90 4 
32
13
90 90 5 
40
15
90 90 6 
53
16
90 90 7 
52
15
90 90 8 
61
16
90 90 9 
70
15
90 90 10 
76
17
90 90 11 
86
20
90 90 12 
97
19
90 90 13 
93
19
90 90 14 
101
21
90 90 15 
113
19
100 90 3 
23
12
100 90 4 
31
17
100 90 5 
39
17
100 90 6 
47
16
100 90 7 
55
16
100 90 8 
58
20
100 90 9 
75
22
100 90 10 
82
19
100 90 11 
85
18
100 90 12 
83
19
100 90 13 
91
24
100 90 14 
108
22
100 90 15 
130
21
110 90 3 
26
16
110 90 4 
31
14
110 90 5 
38
17
110 90 6 
49
18
110 90 7 
61
21
110 90 8 
60
22
110 90 9 
66
20
110 90 10 
75
21
110 90 11 
84
22
110 90 12 
108
24
110 90 13 
96
23
110 90 14 
100
26
110 90 15 
113
24
120 90 3 
25
14
120 90 4 
30
16
120 90 5 
42
22
120 90 6 
47
22
120 90 7 
52
19
120 90 8 
64
23
120 90 9 
66
24
120 90 10 
73
19
120 90 11 
80
24
120 90 12 
88
21
120 90 13 
93
22
120 90 14 
104
25
120 90 15 
118
24
