100 0 3 
1187
602
100 0 4 
1567
604
100 0 5 
1933
719
100 0 6 
2307
795
100 0 7 
2726
793
100 0 8 
3144
871
100 0 9 
5661
3132
100 0 10 
6945
1005
100 0 11 
4879
1187
100 0 12 
5683
1144
100 0 13 
5697
1189
100 0 14 
8613
1149
100 0 15 
6511
1164
100 15 3 
1320
679
100 15 4 
1715
748
100 15 5 
2125
776
100 15 6 
2556
945
100 15 7 
3163
879
100 15 8 
3396
898
100 15 9 
3874
1174
100 15 10 
4540
951
100 15 11 
4619
988
100 15 12 
5088
1188
100 15 13 
5796
1227
100 15 14 
6285
1079
100 15 15 
6366
1123
100 30 3 
1308
658
100 30 4 
1661
742
100 30 5 
2096
782
100 30 6 
2873
1056
100 30 7 
3137
883
100 30 8 
3500
913
100 30 9 
3859
939
100 30 10 
4286
1076
100 30 11 
5648
1064
100 30 12 
5223
1072
100 30 13 
6221
1048
100 30 14 
6130
1106
100 30 15 
6659
1093
100 45 3 
1270
638
100 45 4 
1673
932
100 45 5 
2101
773
100 45 6 
2533
832
100 45 7 
2997
860
100 45 8 
3513
907
100 45 9 
3757
972
100 45 10 
4234
947
100 45 11 
4617
1038
100 45 12 
5285
1096
100 45 13 
5630
1069
100 45 14 
6071
1074
100 45 15 
6590
1112
100 60 3 
1287
733
100 60 4 
1727
759
100 60 5 
2160
805
100 60 6 
2577
888
100 60 7 
3091
885
100 60 8 
3790
1093
100 60 9 
4077
960
100 60 10 
4458
1103
100 60 11 
5253
1121
100 60 12 
4994
1012
100 60 13 
5581
1081
100 60 14 
6274
1167
100 60 15 
6493
1094
100 75 3 
1242
689
100 75 4 
1841
732
100 75 5 
2068
777
100 75 6 
2631
920
100 75 7 
2920
981
100 75 8 
3427
905
100 75 9 
3719
949
100 75 10 
4604
1084
100 75 11 
5441
972
100 75 12 
5167
1012
100 75 13 
5446
1068
100 75 14 
5975
1073
100 75 15 
6382
1221
100 90 3 
1551
712
100 90 4 
2092
1086
100 90 5 
2510
812
100 90 6 
2699
892
100 90 7 
3030
882
100 90 8 
3394
935
100 90 9 
4006
1061
100 90 10 
4878
994
100 90 11 
5774
1057
100 90 12 
6018
1156
100 90 13 
6487
1099
100 90 14 
6502
1177
100 90 15 
7235
1036
100 105 3 
1177
688
100 105 4 
1639
899
100 105 5 
2595
943
100 105 6 
2838
859
100 105 7 
3055
888
100 105 8 
3671
958
100 105 9 
4081
977
100 105 10 
4350
1052
100 105 11 
4838
1013
100 105 12 
5483
1035
100 105 13 
5542
1036
100 105 14 
6065
1184
100 105 15 
6333
1171
100 120 3 
1245
652
100 120 4 
1683
764
100 120 5 
2173
809
100 120 6 
2903
922
100 120 7 
3281
838
100 120 8 
3213
853
100 120 9 
3608
896
100 120 10 
4031
923
100 120 11 
4508
993
100 120 12 
4810
1002
100 120 13 
5312
1129
100 120 14 
5682
1041
100 120 15 
6028
1090
100 135 3 
1198
615
100 135 4 
1725
714
100 135 5 
2012
794
100 135 6 
2686
792
100 135 7 
2817
829
100 135 8 
3349
907
100 135 9 
3657
987
100 135 10 
4448
961
100 135 11 
4582
937
100 135 12 
4857
985
100 135 13 
5219
1026
100 135 14 
5622
1033
100 135 15 
6115
1091
100 150 3 
1220
628
100 150 4 
1618
725
100 150 5 
2017
764
100 150 6 
2445
800
100 150 7 
2848
857
100 150 8 
3259
904
100 150 9 
3817
908
100 150 10 
4011
892
100 150 11 
4322
937
100 150 12 
4714
958
100 150 13 
5209
987
100 150 14 
5438
1070
100 150 15 
5927
1025
100 165 3 
1221
625
100 165 4 
1594
686
100 165 5 
1949
723
100 165 6 
2414
780
100 165 7 
2933
823
100 165 8 
3564
853
100 165 9 
3551
880
100 165 10 
3973
912
100 165 11 
4320
914
100 165 12 
4655
1018
100 165 13 
5203
1030
100 165 14 
5753
1082
100 165 15 
8772
1261
100 180 3 
1249
659
100 180 4 
2579
663
100 180 5 
2081
795
100 180 6 
2582
1626
100 180 7 
2924
829
100 180 8 
3409
913
100 180 9 
4634
886
100 180 10 
4325
945
100 180 11 
4720
1008
100 180 12 
5170
1171
100 180 13 
5443
1003
100 180 14 
7303
1132
100 180 15 
5951
1095
100 195 3 
1232
603
100 195 4 
1556
689
100 195 5 
1977
731
100 195 6 
2337
778
100 195 7 
2709
832
100 195 8 
3091
821
100 195 9 
3557
864
100 195 10 
3929
958
100 195 11 
4422
921
100 195 12 
4760
968
100 195 13 
5303
1051
100 195 14 
5553
1013
100 195 15 
5911
1064
100 210 3 
1195
613
100 210 4 
1572
702
100 210 5 
1925
732
100 210 6 
2331
768
100 210 7 
2723
799
100 210 8 
3137
850
100 210 9 
3810
872
100 210 10 
3993
900
100 210 11 
4382
1093
100 210 12 
5274
999
100 210 13 
5436
1002
100 210 14 
6010
1125
100 210 15 
6348
1116
100 225 3 
1206
643
100 225 4 
1622
717
100 225 5 
2082
749
100 225 6 
2424
781
100 225 7 
2860
816
100 225 8 
3171
879
100 225 9 
3558
897
100 225 10 
3997
924
100 225 11 
4661
1105
100 225 12 
5000
1038
100 225 13 
5271
1014
100 225 14 
5674
1041
100 225 15 
6239
1092
100 240 3 
1213
634
100 240 4 
1694
735
100 240 5 
2065
769
100 240 6 
2420
820
100 240 7 
2851
834
100 240 8 
3334
857
100 240 9 
3692
943
100 240 10 
4212
999
100 240 11 
4626
1097
100 240 12 
5127
979
100 240 13 
5747
1018
100 240 14 
5636
1027
100 240 15 
5927
1037
100 255 3 
1167
607
100 255 4 
1550
705
100 255 5 
2030
762
100 255 6 
2399
778
100 255 7 
2819
865
100 255 8 
3208
893
100 255 9 
3651
921
100 255 10 
4116
930
100 255 11 
4392
947
100 255 12 
4712
989
100 255 13 
5214
1006
100 255 14 
5598
1034
100 255 15 
6184
1067
100 270 3 
1188
628
100 270 4 
1607
638
100 270 5 
1989
730
100 270 6 
2406
834
100 270 7 
2829
816
100 270 8 
3286
888
100 270 9 
3603
898
100 270 10 
4109
1039
100 270 11 
4593
933
100 270 12 
4775
958
100 270 13 
5161
988
100 270 14 
5722
1030
100 270 15 
5995
1043
100 285 3 
1225
613
100 285 4 
1611
670
100 285 5 
2017
735
100 285 6 
2336
787
100 285 7 
2747
833
100 285 8 
3132
834
100 285 9 
3469
859
100 285 10 
3872
895
100 285 11 
4373
911
100 285 12 
4833
965
100 285 13 
5155
990
100 285 14 
5509
1044
100 285 15 
5942
1040
100 300 3 
1230
636
100 300 4 
1593
712
100 300 5 
1982
744
100 300 6 
2370
780
100 300 7 
2814
812
100 300 8 
3136
848
100 300 9 
3505
864
100 300 10 
3920
892
100 300 11 
4341
957
100 300 12 
4841
988
100 300 13 
5126
976
100 300 14 
5533
1005
100 300 15 
6011
1058
100 315 3 
1176
615
100 315 4 
1621
721
100 315 5 
1961
735
100 315 6 
2359
787
100 315 7 
2767
814
100 315 8 
3166
898
100 315 9 
3582
877
100 315 10 
3943
906
100 315 11 
4516
942
100 315 12 
4772
975
100 315 13 
5173
1036
100 315 14 
6341
1170
100 315 15 
6008
1052
100 330 3 
1194
606
100 330 4 
1566
755
100 330 5 
1981
738
100 330 6 
2348
779
100 330 7 
2762
815
100 330 8 
3198
845
100 330 9 
3554
874
100 330 10 
3904
888
100 330 11 
4396
960
100 330 12 
4737
949
100 330 13 
5089
975
100 330 14 
5500
1001
100 330 15 
5948
1119
100 345 3 
1300
648
100 345 4 
1628
714
100 345 5 
2050
774
100 345 6 
2359
765
100 345 7 
2911
836
100 345 8 
3173
842
100 345 9 
3759
876
100 345 10 
3968
908
100 345 11 
4558
955
100 345 12 
4866
966
100 345 13 
5195
1047
100 345 14 
6011
1073
100 345 15 
6352
1107
100 360 3 
1269
673
100 360 4 
1657
686
100 360 5 
1983
796
100 360 6 
2422
784
100 360 7 
2801
852
100 360 8 
3270
891
100 360 9 
3681
890
100 360 10 
4026
912
100 360 11 
4895
2017
100 360 12 
6356
1077
100 360 13 
5435
1023
100 360 14 
6130
1145
100 360 15 
6505
1100
