10 90 3 
25
3
20 90 3 
29
4
30 90 3 
21
7
40 90 3 
28
6
50 90 3 
23
10
60 90 3 
24
10
70 90 3 
28
11
80 90 3 
26
14
90 90 3 
26
12
100 90 3 
24
14
110 90 3 
26
16
120 90 3 
23
17
10 90 4 
34
3
20 90 4 
32
5
30 90 4 
33
6
40 90 4 
32
7
50 90 4 
31
11
60 90 4 
33
9
70 90 4 
32
11
80 90 4 
36
12
90 90 4 
30
13
100 90 4 
28
14
110 90 4 
31
17
120 90 4 
29
17
10 90 5 
40
4
20 90 5 
39
6
30 90 5 
36
7
40 90 5 
38
8
50 90 5 
48
11
60 90 5 
45
13
70 90 5 
49
16
80 90 5 
47
16
90 90 5 
47
17
100 90 5 
42
20
110 90 5 
40
19
120 90 5 
40
20
10 90 6 
48
5
20 90 6 
47
6
30 90 6 
50
12
40 90 6 
47
9
50 90 6 
48
11
60 90 6 
48
14
70 90 6 
46
14
80 90 6 
49
16
90 90 6 
46
19
100 90 6 
47
21
110 90 6 
46
20
120 90 6 
47
27
10 90 7 
61
7
20 90 7 
59
7
30 90 7 
54
10
40 90 7 
54
12
50 90 7 
53
12
60 90 7 
54
14
70 90 7 
54
16
80 90 7 
53
17
90 90 7 
56
18
100 90 7 
54
20
110 90 7 
54
22
120 90 7 
59
23
10 90 8 
63
7
20 90 8 
68
9
30 90 8 
68
10
40 90 8 
60
12
50 90 8 
61
14
60 90 8 
62
16
70 90 8 
63
18
80 90 8 
62
18
90 90 8 
61
20
100 90 8 
60
23
110 90 8 
77
22
120 90 8 
59
28
10 90 9 
68
8
20 90 9 
69
9
30 90 9 
77
9
40 90 9 
71
12
50 90 9 
67
13
60 90 9 
69
15
70 90 9 
69
18
80 90 9 
68
19
90 90 9 
67
22
100 90 9 
66
21
110 90 9 
70
24
120 90 9 
73
22
10 90 10 
77
7
20 90 10 
78
10
30 90 10 
78
10
40 90 10 
78
12
50 90 10 
79
12
60 90 10 
79
16
70 90 10 
76
18
80 90 10 
77
18
90 90 10 
75
25
100 90 10 
79
22
110 90 10 
79
24
120 90 10 
76
25
10 90 11 
85
8
20 90 11 
84
9
30 90 11 
83
11
40 90 11 
87
13
50 90 11 
85
15
60 90 11 
82
16
70 90 11 
89
20
80 90 11 
94
22
90 90 11 
97
21
100 90 11 
97
22
110 90 11 
93
28
120 90 11 
96
28
10 90 12 
105
9
20 90 12 
103
10
30 90 12 
103
11
40 90 12 
103
13
50 90 12 
101
16
60 90 12 
102
16
70 90 12 
103
18
80 90 12 
103
21
90 90 12 
103
21
100 90 12 
106
23
110 90 12 
101
24
120 90 12 
96
25
10 90 13 
103
8
20 90 13 
95
11
30 90 13 
100
13
40 90 13 
100
15
50 90 13 
98
15
60 90 13 
95
19
70 90 13 
99
21
80 90 13 
95
22
90 90 13 
100
22
100 90 13 
103
24
110 90 13 
96
24
120 90 13 
100
27
10 90 14 
108
11
20 90 14 
108
10
30 90 14 
108
12
40 90 14 
104
13
50 90 14 
106
18
60 90 14 
107
17
70 90 14 
104
22
80 90 14 
105
20
90 90 14 
105
25
100 90 14 
105
24
110 90 14 
111
26
120 90 14 
107
28
10 90 15 
114
11
20 90 15 
125
12
30 90 15 
130
12
40 90 15 
130
14
50 90 15 
126
17
60 90 15 
131
19
70 90 15 
127
20
80 90 15 
128
21
90 90 15 
131
23
100 90 15 
127
24
110 90 15 
128
27
120 90 15 
128
29
