10 0 5 
7101
74
20 0 5 
7049
89
30 0 5 
6136
113
40 0 5 
5882
127
50 0 5 
5771
145
60 0 5 
6214
181
70 0 5 
5743
185
80 0 5 
5602
206
90 0 5 
5632
218
100 0 5 
5764
235
110 0 5 
5381
489
120 0 5 
4002
312
10 15 5 
6533
78
20 15 5 
6210
103
30 15 5 
6066
119
40 15 5 
6397
154
50 15 5 
6148
152
60 15 5 
7076
159
70 15 5 
6909
185
80 15 5 
6881
198
90 15 5 
6879
219
100 15 5 
6732
235
110 15 5 
6920
265
120 15 5 
6896
279
10 30 5 
5881
65
20 30 5 
4517
87
30 30 5 
6322
116
40 30 5 
7519
132
50 30 5 
6770
147
60 30 5 
6549
166
70 30 5 
5434
193
80 30 5 
4879
278
90 30 5 
4719
219
100 30 5 
5864
298
110 30 5 
4611
259
120 30 5 
4766
268
10 45 5 
4835
67
20 45 5 
4600
86
30 45 5 
4532
102
40 45 5 
4546
118
50 45 5 
4599
142
60 45 5 
4682
152
70 45 5 
4618
179
80 45 5 
5091
205
90 45 5 
5125
301
100 45 5 
5530
235
110 45 5 
5009
276
120 45 5 
4899
277
10 60 5 
5085
69
20 60 5 
5060
87
30 60 5 
4588
106
40 60 5 
5845
131
50 60 5 
5000
156
60 60 5 
5031
173
70 60 5 
6107
183
80 60 5 
6393
201
90 60 5 
4325
215
100 60 5 
4754
287
110 60 5 
5741
257
120 60 5 
6835
273
10 75 5 
7055
71
20 75 5 
6989
91
30 75 5 
7096
108
40 75 5 
6971
109
50 75 5 
5602
147
60 75 5 
5815
161
70 75 5 
4936
198
80 75 5 
4697
205
90 75 5 
4992
229
100 75 5 
5026
234
110 75 5 
5548
258
120 75 5 
4793
328
10 90 5 
4966
73
20 90 5 
4788
90
30 90 5 
4741
117
40 90 5 
4738
130
50 90 5 
4867
135
60 90 5 
4574
154
70 90 5 
4495
178
80 90 5 
4341
193
90 90 5 
4383
225
100 90 5 
5032
262
110 90 5 
5803
255
120 90 5 
5030
266
10 105 5 
4435
75
20 105 5 
4522
91
30 105 5 
4526
102
40 105 5 
4013
122
50 105 5 
5067
139
60 105 5 
4432
155
70 105 5 
4782
183
80 105 5 
6443
193
90 105 5 
6505
215
100 105 5 
6608
234
110 105 5 
5968
249
120 105 5 
4635
267
10 120 5 
5251
73
20 120 5 
4488
91
30 120 5 
4381
99
40 120 5 
4211
116
50 120 5 
4385
140
60 120 5 
4151
166
70 120 5 
4175
168
80 120 5 
4137
187
90 120 5 
4146
208
100 120 5 
4193
227
110 120 5 
4371
245
120 120 5 
4047
264
10 135 5 
4147
68
20 135 5 
4290
83
30 135 5 
4388
107
40 135 5 
4278
119
50 135 5 
4222
133
60 135 5 
4375
164
70 135 5 
4413
171
80 135 5 
4303
190
90 135 5 
4490
217
100 135 5 
4707
241
110 135 5 
6866
265
120 135 5 
7050
265
10 150 5 
7189
73
20 150 5 
6455
92
30 150 5 
5568
103
40 150 5 
4607
121
50 150 5 
6102
211
60 150 5 
6317
182
70 150 5 
6241
214
80 150 5 
6179
216
90 150 5 
7034
362
100 150 5 
5265
229
110 150 5 
6732
304
120 150 5 
6815
618
10 165 5 
7000
72
20 165 5 
5005
85
30 165 5 
4750
115
40 165 5 
5816
162
50 165 5 
5155
141
60 165 5 
5888
298
70 165 5 
5950
328
80 165 5 
5494
198
90 165 5 
9218
280
100 165 5 
10467
372
110 165 5 
8280
339
120 165 5 
9297
365
10 180 5 
9316
86
20 180 5 
14099
123
30 180 5 
10528
136
40 180 5 
11145
154
50 180 5 
10101
167
60 180 5 
9553
197
70 180 5 
9724
217
80 180 5 
10025
245
90 180 5 
10094
264
100 180 5 
10434
346
110 180 5 
9594
826
120 180 5 
10567
504
10 195 5 
9730
111
20 195 5 
11838
130
30 195 5 
9233
134
40 195 5 
9466
150
50 195 5 
9561
172
60 195 5 
9344
199
70 195 5 
9369
216
80 195 5 
9036
248
90 195 5 
9542
263
100 195 5 
9394
286
110 195 5 
9411
305
120 195 5 
10042
316
10 210 5 
8478
92
20 210 5 
8764
109
30 210 5 
8896
204
40 210 5 
8472
229
50 210 5 
7950
192
60 210 5 
7123
461
70 210 5 
7443
243
80 210 5 
8554
314
90 210 5 
8531
267
100 210 5 
6667
273
110 210 5 
7267
386
120 210 5 
8420
329
10 225 5 
8449
84
20 225 5 
8869
95
30 225 5 
8996
129
40 225 5 
9035
150
50 225 5 
9288
198
60 225 5 
9216
196
70 225 5 
8933
220
80 225 5 
9333
252
90 225 5 
9684
294
100 225 5 
9434
462
110 225 5 
8399
300
120 225 5 
7967
318
10 240 5 
7265
77
20 240 5 
6427
93
30 240 5 
9218
202
40 240 5 
8606
235
50 240 5 
7345
186
60 240 5 
6436
163
70 240 5 
7048
208
80 240 5 
4595
197
90 240 5 
4756
212
100 240 5 
6330
280
110 240 5 
6390
277
120 240 5 
2720
368
10 255 5 
3183
69
20 255 5 
2527
105
30 255 5 
3744
114
40 255 5 
3735
139
50 255 5 
2290
165
60 255 5 
2972
175
70 255 5 
4546
210
80 255 5 
4188
229
90 255 5 
3437
241
100 255 5 
2248
302
110 255 5 
2182
271
120 255 5 
2520
305
10 270 5 
3198
78
20 270 5 
2312
113
30 270 5 
2597
105
40 270 5 
2432
141
50 270 5 
3982
195
60 270 5 
3527
177
70 270 5 
4189
208
80 270 5 
3997
209
90 270 5 
4039
236
100 270 5 
3221
279
110 270 5 
2949
284
120 270 5 
3493
286
10 285 5 
2715
67
20 285 5 
2650
111
30 285 5 
3435
196
40 285 5 
3275
155
50 285 5 
2706
175
60 285 5 
2719
272
70 285 5 
2749
227
80 285 5 
2332
214
90 285 5 
2169
264
100 285 5 
2370
263
110 285 5 
2500
354
120 285 5 
2801
416
10 300 5 
2243
68
20 300 5 
2338
121
30 300 5 
2295
104
40 300 5 
2640
119
50 300 5 
2643
165
60 300 5 
2920
160
70 300 5 
2092
307
80 300 5 
2408
304
90 300 5 
2013
674
100 300 5 
2147
251
110 300 5 
2154
259
120 300 5 
2557
1361
10 315 5 
2619
61
20 315 5 
1911
78
30 315 5 
1877
99
40 315 5 
2215
179
50 315 5 
2230
188
60 315 5 
2889
188
70 315 5 
2167
186
80 315 5 
3082
364
90 315 5 
3097
439
100 315 5 
2407
263
110 315 5 
2191
351
120 315 5 
2196
295
10 330 5 
2162
88
20 330 5 
2085
84
30 330 5 
2064
109
40 330 5 
2085
133
50 330 5 
2083
146
60 330 5 
2082
165
70 330 5 
2078
195
80 330 5 
2072
216
90 330 5 
2204
252
100 330 5 
2141
272
110 330 5 
2104
270
120 330 5 
2077
322
10 345 5 
2238
67
20 345 5 
2207
91
30 345 5 
2207
117
40 345 5 
2236
136
50 345 5 
2255
152
60 345 5 
2229
176
70 345 5 
2187
206
80 345 5 
2242
218
90 345 5 
2230
250
100 345 5 
2289
260
110 345 5 
2237
280
120 345 5 
2249
315
10 360 5 
2262
68
20 360 5 
2201
87
30 360 5 
2221
107
40 360 5 
2157
125
50 360 5 
2188
154
60 360 5 
2211
185
70 360 5 
2358
201
80 360 5 
2200
217
90 360 5 
2194
245
100 360 5 
2253
261
110 360 5 
2299
282
120 360 5 
2144
302
